2 2
3 3
4 4
5 5
6 6
7 7
8 8
9 9
10 10
11 11
12 12
13 13
14 14
15 15
16 16
17 17
18 18
19 19
20 20
21 21
22 22
23 23
24 24
25 25
26 26
27 27
28 28
29 29
30 30
31 31
32 32
33 33
34 34
35 35
36 36
37 37
38 38
39 39
40 40
41 41
42 42
43 43
44 44
45 45
46 46
47 47
48 48
49 49
50 50
51 51
52 52
- 53
- 54
- 55
53 56
54 57
55 58
56 59
57 60
58 61
59 62
60 63
61 64
62 65
63 66
64 67
65 68
66 69
67 70
68 71
69 72
70 73
71 74
72 75
73 76
74 77
75 78
76 79
77 80
78 81
79 82
80 83
81 84
82 85
83 86
84 87
85 88
86 89
87 90
88 91
89 92
90 93
91 94
92 95
93 96
94 97
95 98
96 99
97 100
98 101
99 102
100 103
101 104
102 105
103 106
104 107
105 108
106 109
107 110
108 111
109 112
110 113
111 114
112 115
113 116
114 117
- 118
- 119
- 120
- 121
- 122
- 123
- 124
115 125
116 126
117 127
118 128
119 129
120 130
121 131
122 132
123 133
124 134
125 135
126 136
127 137
128 138
129 139
130 140
131 141
132 142
133 143
134 144
135 145
136 146
137 147
138 148
139 149
140 150
141 151
142 152
143 153
144 154
145 155
146 156
147 157
148 158
149 159
150 160
151 161
152 162
153 163
154 164
- 165
- 166
- 167
- 168
- 169
- 170
- 171
- 172
- 173
- 174
- 175
155 176
156 177
157 178
158 179
159 180
160 181
161 182
162 183
163 184
164 185
165 186
166 187
167 188
- 189
- 190
- 191
- 192
- 193
- 194
- 195
- 196
- 197
- 198
- 199
- 200
- 201
- 202
- 203
- 204
- 205
- 206
- 207
- 208
- 209
- 210
- 211
- 212
- 213
- 214
- 215
- 216
- 217
168 218
169 219
170 220
171 221
172 222
173 223
174 224
175 225
176 226
177 227
178 228
179 229
180 230
181 231
182 232
183 233
184 234
185 235
- 236
- 237
- 238
- 239
- 240
- 241
- 242
- 243
- 244
- 245
- 246
- 247
- 248
- 249
- 250
- 251
- 252
- 253
- 254
- 255
- 256
- 257
- 258
- 259
- 260
- 261
- 262
- 263
- 264
- 265
- 266
- 267
- 268
- 269
- 270
- 271
- 272
- 273
- 274
- 275
- 276
- 277
- 278
- 279
186 280
187 281
188 282
189 283
190 284
191 285
192 286
193 287
194 288
195 289
196 290
197 291
198 292
199 293
- 294
- 295
- 296
- 297
- 298
- 299
200 300
201 301
202 302
203 303
204 304
205 305
206 306
207 307
208 308
209 309
210 310
211 311
212 312
213 313
214 314
215 315
216 316
217 317
218 318
219 319
- 320
220 321
221 322
222 323
223 324
224 325
225 326
226 327
227 328
228 329
229 330
230 331
231 332
232 333
233 334
234 335
235 336
236 337
237 338
238 339
239 340
240 341
241 342
242 343
- 344
- 345
- 346
- 347
- 348
243 349
244 350
245 351
246 352
247 353
248 354
249 355
250 356
251 357
252 358
253 359
254 360
255 361
256 362
- 363
- 364
- 365
