6 6
7 7
8 8
9 9
10 10
11 11
12 12
13 13
14 14
15 15
16 16
17 17
18 18
19 19
20 20
21 21
22 22
23 23
24 24
25 25
26 26
27 27
28 28
29 29
30 30
31 31
32 32
33 33
34 34
35 35
36 36
37 37
38 38
39 39
40 40
41 41
42 42
43 43
44 44
45 45
46 46
47 47
48 48
49 49
50 50
51 51
52 52
- 53
- 54
- 55
53 56
54 57
55 58
56 59
57 60
58 61
59 62
60 63
61 64
62 65
63 66
64 67
65 68
66 69
67 70
68 71
69 72
70 73
71 74
72 75
73 76
74 77
75 78
76 79
77 80
78 81
79 82
80 83
81 84
82 85
83 86
84 87
85 88
86 89
87 90
88 91
89 92
90 93
91 94
92 95
93 96
94 97
95 98
96 99
97 100
98 101
99 102
100 103
101 104
102 105
103 106
104 107
105 108
106 109
107 110
108 111
109 112
110 113
111 114
112 115
113 116
114 117
- 118
- 119
- 120
- 121
- 122
- 123
- 124
115 125
116 126
117 127
118 128
119 129
120 130
121 131
122 132
123 133
124 134
125 135
126 136
127 137
128 138
129 139
130 140
131 141
132 142
133 143
134 144
135 145
136 146
137 147
138 148
139 149
140 150
141 151
142 152
143 153
144 154
145 155
146 156
147 157
148 158
149 159
150 160
151 161
152 162
153 163
154 164
- 165
- 166
- 167
- 168
- 169
- 170
- 171
- 172
- 173
- 174
- 175
155 176
156 177
157 178
158 179
159 180
160 181
161 182
162 183
163 184
164 185
165 186
166 187
167 188
168 189
169 190
170 191
171 192
172 193
173 194
174 195
175 196
176 197
177 198
178 199
179 200
180 201
181 202
182 203
183 204
184 205
185 206
186 207
187 208
188 209
189 210
190 211
- 212
- 213
- 214
191 215
192 216
193 217
194 218
195 219
196 220
197 221
198 222
199 223
200 224
201 225
202 226
203 227
204 228
205 229
206 230
207 231
208 232
209 233
210 234
211 235
212 236
213 237
214 238
215 239
216 240
217 241
218 242
219 243
220 244
221 245
222 246
223 247
224 248
225 249
226 250
227 251
228 252
229 253
230 254
231 255
232 256
233 257
234 258
235 259
236 260
- 261
237 262
238 263
239 264
240 265
241 266
242 267
243 268
244 269
245 270
246 271
247 272
248 273
249 274
250 275
251 276
252 277
253 278
254 279
255 280
256 281
257 282
258 283
259 284
260 285
261 286
262 287
263 288
264 289
265 290
266 291
267 292
268 293
269 294
270 295
271 296
272 297
273 298
274 299
275 300
276 301
277 302
278 303
279 304
280 305
281 306
282 307
283 308
284 309
285 310
286 311
287 312
288 313
289 314
290 315
291 316
292 317
293 318
294 319
295 320
296 321
297 322
298 323
299 324
300 325
301 326
302 327
303 328
304 329
305 330
306 331
307 332
308 333
309 334
310 335
311 336
312 337
313 338
314 339
315 340
316 341
317 342
318 343
319 344
320 345
321 346
322 347
323 348
324 349
325 350
326 351
327 352
328 353
329 354
330 355
331 356
332 357
333 358
334 359
335 360
336 361
337 362
338 363
339 364
340 365
341 366
342 367
343 368
344 369
345 370
346 371
347 372
- 373
- 374
348 375
349 376
350 377
351 378
352 379
353 380
354 381
355 382
356 383
357 384
358 385
359 386
360 387
361 388
362 389
363 390
364 391
365 392
366 393
367 394
368 395
369 396
370 397
371 398
372 399
373 400
374 401
375 402
376 403
377 404
378 405
379 406
380 407
381 408
382 409
383 410
384 411
385 412
386 413
387 414
388 415
389 416
390 417
391 418
392 419
393 420
394 421
395 422
396 423
397 424
398 425
399 426
400 427
401 428
402 429
403 430
404 431
405 432
406 433
407 434
408 435
409 436
410 437
411 438
412 439
413 440
414 441
415 442
416 443
- 444
- 445
- 446
- 447
417 448
418 449
419 450
420 451
421 452
422 453
