2 3
3 4
4 5
5 6
6 -
7 7
8 8
9 9
10 10
11 11
12 12
13 13
14 14
15 15
16 16
17 17
18 18
19 19
20 20
21 21
22 22
23 23
24 24
25 25
26 26
27 27
28 28
29 29
30 30
31 31
32 32
33 33
34 34
35 35
36 -
37 36
38 37
39 38
40 39
41 40
42 41
43 42
44 43
45 44
46 45
47 46
48 47
49 48
50 49
51 50
52 51
53 52
54 53
55 54
56 55
57 56
- 57
- 58
- 59
58 60
59 61
60 62
61 63
62 64
- 65
63 66
64 67
65 68
66 69
67 70
68 71
69 72
70 73
71 74
72 75
73 76
74 77
75 78
76 79
77 80
78 81
79 82
80 83
81 84
82 85
83 86
84 87
85 88
86 89
87 90
88 91
89 92
90 93
91 94
92 95
93 96
94 97
95 98
96 99
97 100
98 101
99 102
100 103
101 104
102 105
103 106
104 107
105 108
106 109
107 110
108 111
109 112
110 113
111 114
112 115
113 116
114 117
- 118
- 119
- 120
- 121
- 122
- 123
115 124
116 125
117 126
118 127
119 128
120 129
121 130
122 131
123 132
124 133
125 134
126 135
127 136
128 137
129 138
130 139
131 140
132 141
133 142
- 143
134 144
135 145
136 146
137 147
138 148
139 149
140 150
141 151
142 152
143 153
144 154
145 155
146 156
147 157
148 158
149 159
150 160
151 161
152 162
153 163
154 164
155 165
156 166
157 167
158 168
159 169
160 170
161 171
162 172
163 173
164 174
165 175
166 176
167 177
168 178
169 179
170 180
171 181
172 182
173 183
174 184
175 185
176 186
177 187
178 188
179 189
180 190
181 191
182 192
183 193
184 194
185 195
186 196
187 197
188 198
189 199
190 200
191 201
192 202
193 203
194 204
195 205
196 206
197 207
198 208
199 209
200 210
201 211
- 212
- 213
202 214
203 215
204 216
205 217
206 218
207 219
208 220
209 221
210 222
211 223
212 224
213 225
214 226
215 227
216 228
217 229
218 230
219 231
220 232
221 233
222 234
223 235
224 236
225 237
226 238
227 239
228 240
229 241
230 242
231 243
232 244
233 245
234 246
235 247
236 248
237 249
238 250
239 251
240 252
241 253
242 254
243 255
244 256
245 257
246 258
247 259
248 260
249 261
250 262
251 263
252 264
253 265
254 266
255 267
256 268
257 269
258 270
259 271
260 272
261 273
262 274
263 275
264 276
265 277
266 278
267 279
268 280
269 281
270 282
271 283
272 284
273 285
274 286
275 287
276 288
277 289
278 290
279 291
280 292
281 293
282 294
283 295
284 296
285 297
286 298
287 299
288 300
289 301
290 302
291 303
292 304
293 305
294 306
295 307
296 308
297 309
298 310
299 311
300 312
301 313
302 314
303 315
304 316
305 317
306 318
307 319
308 320
309 321
310 322
311 323
312 324
313 325
314 326
315 327
316 328
317 329
318 330
319 331
320 332
321 333
322 334
323 335
324 336
325 337
326 338
327 339
328 340
329 341
330 342
331 343
332 344
333 345
334 346
335 347
336 348
337 349
338 350
339 351
340 352
341 353
342 354
343 355
344 356
345 357
346 358
347 359
348 360
349 361
350 362
351 363
352 364
353 365
354 366
355 367
356 368
357 369
358 370
359 371
360 372
361 373
362 374
363 375
364 376
365 377
366 378
367 379
368 380
369 381
370 382
- 383
- 384
- 385
- 386
371 387
