1 1
2 2
- 3
3 -
- 4
4 -
- 5
5 -
6 6
7 7
8 8
9 9
10 10
11 11
12 12
13 13
14 14
15 15
16 16
17 17
18 18
19 19
20 20
21 21
22 22
23 23
24 24
25 25
26 26
27 27
28 28
29 29
30 30
31 31
32 32
33 33
34 34
35 35
36 36
37 37
38 38
39 39
40 40
41 41
42 42
43 43
44 44
45 45
46 46
47 47
48 48
49 49
50 50
51 51
52 52
53 -
54 53
55 54
56 55
57 56
58 57
59 58
60 59
61 60
62 61
63 62
- 63
- 64
64 65
65 66
66 67
67 68
68 69
69 70
70 71
71 72
72 73
73 74
74 75
75 76
76 77
77 78
78 79
79 80
80 81
81 82
82 83
83 84
84 85
85 86
86 87
87 88
88 89
89 90
90 91
91 92
- 93
- 94
92 95
93 96
94 97
95 98
96 99
97 100
98 101
99 102
100 103
101 104
102 105
103 106
104 107
105 108
106 109
107 110
108 111
109 112
110 113
111 114
112 115
113 116
114 117
115 118
116 119
117 120
118 121
119 122
120 123
121 124
122 125
123 126
124 127
125 128
126 129
127 130
128 131
129 132
130 133
- 134
131 135
132 -
133 136
134 137
135 138
136 139
137 -
138 140
- 141
- 142
139 143
140 144
141 145
142 146
- 147
143 148
144 149
145 -
146 -
147 150
- 151
148 152
149 153
150 154
151 155
152 156
153 157
154 158
155 159
156 160
157 161
158 162
159 163
- 164
160 165
161 -
162 166
163 167
164 168
165 169
166 170
167 171
168 172
169 173
170 174
- 175
171 176
172 177
173 178
174 179
175 180
176 181
177 182
178 183
179 184
180 185
181 186
182 187
183 188
184 189
185 190
186 191
187 192
188 193
189 194
190 195
191 196
192 197
193 198
194 199
195 200
196 201
197 202
198 203
199 204
200 205
201 206
202 207
203 208
204 209
205 210
206 211
207 212
208 213
209 214
210 215
- 216
- 217
- 218
- 219
- 220
- 221
- 222
211 223
212 224
213 225
214 226
215 227
216 228
- 229
- 230
- 231
- 232
- 233
- 234
- 235
