2 3
3 4
4 5
5 6
6 -
7 7
8 8
9 9
10 10
11 11
12 12
13 13
14 14
15 15
16 16
17 17
18 18
19 19
20 20
21 21
22 22
23 23
24 24
25 25
26 26
27 27
28 28
29 29
30 30
31 31
32 32
33 33
34 34
35 35
36 -
37 36
38 37
39 38
40 39
41 40
42 41
43 42
44 43
45 44
46 45
47 46
48 47
49 48
50 49
51 50
52 51
53 52
54 53
55 54
56 55
57 56
- 57
- 58
- 59
58 60
59 61
60 62
61 63
62 64
- 65
63 66
64 67
65 68
66 69
67 70
68 71
69 72
70 73
71 74
72 75
73 76
74 77
75 78
76 79
77 80
78 81
79 82
80 83
81 84
82 85
83 86
84 87
85 88
86 89
87 90
88 91
89 92
90 93
91 94
92 95
93 96
94 97
95 98
96 99
97 100
98 101
99 102
100 103
101 104
102 105
103 106
104 107
105 108
106 109
107 110
108 111
109 112
110 113
111 114
112 115
113 116
114 117
- 118
- 119
- 120
- 121
- 122
- 123
115 124
116 125
117 126
118 127
119 128
120 129
121 130
122 131
123 132
124 133
125 134
126 135
127 136
128 137
129 138
130 139
131 140
132 141
133 142
- 143
134 144
135 145
136 146
137 147
138 148
139 149
140 150
141 151
142 152
143 153
144 154
145 155
- 156
- 157
- 158
- 159
- 160
- 161
- 162
- 163
- 164
- 165
- 166
- 167
- 168
- 169
- 170
- 171
- 172
- 173
- 174
- 175
- 176
- 177
- 178
- 179
- 180
- 181
- 182
- 183
- 184
146 185
147 186
148 187
149 188
150 189
151 190
152 191
153 192
154 193
- 194
- 195
- 196
- 197
- 198
- 199
- 200
- 201
- 202
- 203
- 204
- 205
- 206
- 207
- 208
- 209
- 210
155 211
156 212
157 213
158 214
159 215
160 216
161 217
162 218
163 219
164 220
165 221
166 222
167 223
168 224
169 225
- 226
- 227
- 228
- 229
- 230
- 231
- 232
- 233
- 234
- 235
- 236
- 237
- 238
- 239
- 240
- 241
- 242
- 243
- 244
- 245
- 246
- 247
- 248
- 249
- 250
- 251
- 252
- 253
- 254
- 255
- 256
- 257
- 258
- 259
- 260
170 261
171 262
172 263
173 264
174 265
175 266
176 267
177 268
178 269
179 270
180 271
181 272
182 273
183 274
184 275
185 276
186 277
187 278
188 279
189 280
190 281
191 282
192 283
193 284
194 285
195 286
196 287
197 288
198 289
199 290
200 291
201 292
202 293
203 294
204 295
205 296
206 297
207 298
208 299
209 300
210 301
211 302
212 303
213 304
214 305
- 306
- 307
- 308
- 309
- 310
- 311
- 312
- 313
- 314
215 315
216 316
217 317
218 318
- 319
219 320
220 321
221 322
222 323
223 324
224 325
225 326
226 327
227 328
228 329
229 330
230 331
231 332
232 333
233 334
234 335
235 336
236 337
237 338
238 339
239 340
240 341
241 342
242 343
- 344
- 345
- 346
- 347
- 348
243 349
244 350
245 351
246 352
247 353
248 354
249 355
250 356
251 357
252 358
253 359
254 360
255 361
- 362
- 363
- 364
