2 2
3 3
4 4
5 5
- 6
6 -
- 7
7 -
8 8
9 9
10 10
11 11
12 12
13 13
14 14
15 15
16 16
17 17
18 18
19 19
20 20
21 21
22 22
23 23
24 24
25 25
26 26
27 27
28 28
29 29
30 30
- 31
31 -
32 32
33 33
34 -
35 34
36 35
37 36
38 37
39 38
40 39
41 40
42 41
43 42
- 43
- 44
- 45
- 46
44 47
45 48
- 49
46 50
47 51
48 52
49 53
50 54
51 55
52 56
53 57
54 58
55 59
56 60
57 61
58 62
59 63
60 64
61 65
62 66
63 67
64 68
65 69
66 70
67 71
68 72
69 73
70 74
- 75
71 76
72 77
73 78
74 79
75 80
- 81
- 82
- 83
- 84
- 85
- 86
- 87
- 88
- 89
- 90
- 91
- 92
- 93
76 -
77 -
78 -
79 -
80 -
81 -
82 -
83 -
84 -
85 -
86 -
87 -
88 -
89 -
90 -
91 -
92 -
93 -
94 -
95 -
96 -
97 -
98 -
99 -
100 -
101 -
