2 2
3 3
4 4
5 5
6 6
7 7
8 8
9 9
- 10
- 11
- 12
- 13
- 14
- 15
- 16
- 17
- 18
- 19
- 20
- 21
- 22
- 23
- 24
- 25
- 26
- 27
10 -
- 28
- 29
- 30
- 31
- 32
- 33
- 34
- 35
11 -
- 36
12 37
13 38
14 39
15 40
16 41
17 42
18 43
19 44
20 45
21 46
22 47
23 48
24 49
25 50
26 51
- 52
- 53
- 54
- 55
- 56
- 57
- 58
- 59
- 60
- 61
- 62
- 63
27 64
28 65
29 66
30 -
- 67
31 68
32 69
33 70
34 71
- 72
35 73
36 74
37 75
38 76
39 77
40 78
41 79
42 80
43 81
44 82
45 83
46 84
47 85
48 86
49 87
50 88
51 89
52 90
53 91
54 92
55 93
56 94
57 95
58 96
59 97
60 98
61 99
62 100
63 101
64 102
65 103
66 104
67 105
- 106
- 107
68 108
69 109
70 110
71 111
72 112
- 113
- 114
- 115
- 116
- 117
73 -
74 -
75 -
76 -
77 -
78 -
79 -
80 -
81 -
82 -
83 -
84 -
85 -
86 -
87 -
88 -
89 -
90 -
91 -
92 -
93 -
94 -
95 -
96 -
97 -
98 -
99 -
100 -
101 -
102 -
103 -
104 -
105 -
106 -
107 -
108 -
109 -
110 -
111 -
112 -
113 -
114 -
115 -
