2 2
3 3
4 4
5 5
6 6
7 7
8 8
9 9
10 10
11 11
12 12
13 13
14 14
15 15
16 16
17 17
18 18
19 19
20 20
21 21
22 22
23 23
24 24
25 25
26 26
27 27
28 28
29 29
30 30
31 31
32 32
33 33
34 34
35 35
36 36
37 37
38 38
39 39
40 40
41 41
42 42
43 43
44 44
45 45
46 46
47 47
48 48
49 49
50 50
51 51
52 -
53 52
54 53
55 54
56 55
57 56
58 57
59 58
60 59
61 60
62 61
- 62
- 63
63 64
64 65
65 66
66 67
67 68
68 69
69 70
70 71
71 72
72 73
73 74
74 75
75 76
76 77
77 78
78 79
79 80
80 81
81 82
82 83
83 84
84 85
85 86
86 87
87 88
88 89
89 90
90 91
- 92
- 93
91 94
92 95
93 96
94 97
95 98
96 99
97 100
98 101
99 102
100 103
101 104
102 105
103 106
104 107
105 108
106 109
107 110
108 111
109 112
110 113
111 114
112 115
113 116
114 117
115 118
116 119
117 120
118 121
119 122
120 123
121 124
122 125
123 126
124 127
125 128
126 129
127 130
128 131
129 132
130 133
131 134
132 135
133 136
134 137
135 138
136 139
137 -
138 140
139 141
140 142
141 143
142 144
143 145
144 146
145 -
146 -
147 147
148 148
149 -
150 -
151 149
152 150
153 151
154 152
155 153
156 154
157 155
158 156
159 157
160 158
161 159
162 160
163 -
164 161
165 162
166 163
167 -
168 -
169 -
170 -
171 -
172 164
173 165
174 166
175 167
176 168
177 169
178 170
179 171
180 172
181 173
182 174
183 175
184 176
185 177
186 178
187 179
188 180
189 181
190 182
191 183
192 184
193 185
194 186
195 187
196 188
197 189
198 190
199 191
200 192
201 193
202 194
203 195
204 196
205 197
206 198
207 199
208 200
209 201
210 202
211 203
212 204
213 205
214 -
215 -
216 -
217 -
218 -
219 -
220 -
221 -
222 -
223 -
224 -
225 -
226 -
227 -
228 -
229 -
230 -
231 -
232 -
233 -
234 -
235 -
236 -
237 -
238 206
239 207
240 208
241 209
242 -
243 -
244 -
245 -
246 -
247 -
248 210
249 211
250 -
251 212
252 213
253 214
254 -
255 -
256 -
257 -
258 -
259 -
260 -
261 -
262 -
263 -
264 -
265 -
266 -
267 -
268 -
269 -
270 -
271 -
272 -
273 -
274 -
275 215
276 216
277 217
278 218
279 -
- 219
280 -
- 220
281 -
282 -
283 -
284 -
285 -
286 -
287 -
288 221
289 222
290 223
291 224
292 225
293 226
294 -
295 -
296 -
297 -
298 -
299 -
300 -
301 -
302 -
303 -
304 -
305 -
306 -
307 227
308 228
309 229
310 230
311 231
312 232
313 233
314 234
315 235
316 236
317 237
318 238
319 239
320 240
321 241
322 242
323 243
324 244
325 245
326 246
327 247
328 248
329 249
330 250
331 251
332 252
333 253
334 254
335 255
336 256
337 257
338 258
339 259
340 260
341 261
342 262
343 263
344 264
345 265
346 266
347 267
348 268
349 269
350 270
351 271
352 272
353 273
354 274
355 275
356 276
357 277
358 278
359 279
360 280
361 281
362 282
363 283
364 284
365 285
366 286
367 287
368 288
369 289
370 290
371 291
372 292
373 293
374 -
375 -
376 -
377 -
378 -
379 294
380 295
381 296
382 297
383 -
384 -
385 -
386 -
387 -
388 -
- 298
- 299
- 300
- 301
- 302
- 303
- 304
- 305
- 306
- 307
- 308
- 309
- 310
- 311
- 312
- 313
- 314
- 315
- 316
- 317
- 318
- 319
- 320
- 321
- 322
- 323
- 324
- 325
- 326
- 327
- 328
- 329
- 330
- 331
- 332
- 333
- 334
- 335
- 336
- 337
- 338
- 339
- 340
- 341
- 342
- 343
- 344
- 345
- 346
- 347
- 348
- 349
- 350
- 351
- 352
- 353
- 354
- 355
- 356
- 357
- 358
- 359
- 360
- 361
- 362
- 363
- 364
- 365
- 366
- 367
- 368
- 369
- 370
- 371
- 372
- 373
- 374
- 375
- 376
- 377
- 378
- 379
- 380
- 381
- 382
- 383
- 384
- 385
- 386
- 387
- 388
- 389
- 390
- 391
- 392
- 393
- 394
- 395
- 396
- 397
- 398
- 399
- 400
- 401
- 402
- 403
