2 2
3 3
4 4
5 5
6 6
7 7
8 8
9 9
10 10
11 11
12 12
13 13
14 14
15 15
16 16
17 17
18 18
19 19
20 20
21 21
22 22
23 23
24 24
25 25
26 26
27 27
28 28
29 29
30 30
31 31
32 32
33 33
34 34
35 35
36 36
37 37
38 38
39 39
40 40
41 41
42 42
43 43
44 44
45 45
46 46
47 47
48 48
49 49
50 50
51 51
52 -
53 52
54 53
55 54
56 55
57 56
58 57
59 58
60 59
61 60
62 61
- 62
- 63
63 64
64 65
65 66
66 67
67 68
68 69
69 70
70 71
71 72
72 73
73 74
74 75
75 76
76 77
77 78
78 79
79 80
80 81
81 82
82 83
83 84
84 85
85 86
86 87
87 88
88 89
89 90
90 91
- 92
- 93
91 94
92 95
93 96
94 97
95 98
96 99
97 100
98 101
99 102
100 103
101 104
102 105
103 106
104 107
105 108
106 109
107 110
108 111
109 112
110 113
111 114
112 115
113 116
114 117
115 118
116 119
117 120
118 121
119 122
120 123
121 124
122 125
123 126
124 127
125 128
126 129
127 130
128 131
129 132
130 133
131 134
132 135
133 136
134 137
135 138
136 139
137 -
- 140
- 141
- 142
- 143
- 144
- 145
- 146
- 147
- 148
- 149
- 150
- 151
- 152
- 153
- 154
- 155
- 156
- 157
- 158
- 159
- 160
- 161
- 162
- 163
- 164
- 165
- 166
- 167
- 168
- 169
- 170
- 171
- 172
- 173
- 174
- 175
- 176
- 177
- 178
- 179
- 180
- 181
- 182
- 183
138 184
139 185
140 -
141 186
142 187
143 188
144 189
145 190
146 191
147 192
148 193
149 194
150 195
151 196
152 197
153 198
154 199
155 200
156 201
157 202
158 203
159 204
160 205
161 206
162 207
163 208
164 209
165 210
166 211
167 -
168 212
169 213
170 214
171 215
172 216
173 217
174 218
175 219
- 220
- 221
176 222
- 223
- 224
- 225
- 226
177 227
178 228
- 229
- 230
- 231
- 232
- 233
- 234
- 235
- 236
- 237
- 238
- 239
- 240
179 241
180 242
181 243
182 244
183 245
- 246
184 -
- 247
185 -
- 248
186 -
- 249
187 -
- 250
188 -
- 251
189 -
190 252
- 253
- 254
- 255
- 256
- 257
- 258
- 259
- 260
- 261
- 262
- 263
- 264
- 265
- 266
- 267
- 268
- 269
- 270
- 271
- 272
- 273
- 274
- 275
- 276
- 277
- 278
- 279
- 280
- 281
- 282
- 283
- 284
- 285
- 286
- 287
- 288
- 289
- 290
- 291
- 292
- 293
- 294
- 295
191 296
192 297
193 298
194 299
195 300
196 301
197 302
198 303
199 304
200 305
201 306
- 307
- 308
- 309
202 310
203 311
204 312
205 313
206 314
207 315
208 316
209 317
- 318
210 319
211 320
212 321
213 322
214 323
215 324
216 325
217 326
218 327
219 328
220 329
221 330
222 331
223 332
224 -
- 333
225 -
- 334
226 -
- 335
227 -
- 336
228 -
- 337
229 -
- 338
230 -
- 339
231 -
- 340
232 -
- 341
233 -
- 342
234 -
- 343
235 -
- 344
236 -
- 345
237 -
- 346
238 -
- 347
239 -
- 348
240 -
- 349
241 -
- 350
242 -
- 351
243 -
- 352
244 353
245 354
246 355
247 -
- 356
248 357
249 358
250 359
251 360
252 361
253 362
254 363
255 364
