2 2
3 3
4 4
5 5
6 6
7 7
8 8
9 9
10 10
11 11
12 12
13 13
14 14
15 15
16 16
17 17
18 18
19 19
20 20
21 21
22 22
23 23
24 24
25 25
26 26
27 27
28 28
29 29
30 30
31 31
32 32
33 33
34 34
35 35
36 36
37 37
38 38
39 39
40 40
41 41
42 42
43 43
44 44
45 45
46 46
47 47
48 48
49 49
50 50
51 51
52 -
53 52
54 53
55 54
56 55
57 56
58 57
59 58
60 59
61 60
62 61
- 62
- 63
63 64
64 65
65 66
66 67
67 68
68 69
69 70
70 71
71 72
72 73
73 74
74 75
75 76
76 77
77 78
78 79
79 80
80 81
81 82
82 83
83 84
84 85
85 86
86 87
87 88
88 89
89 90
90 91
- 92
- 93
91 94
92 95
93 96
94 97
95 98
96 99
97 100
98 101
99 102
100 103
101 104
102 105
103 106
104 107
105 108
106 109
107 110
108 111
109 112
110 113
111 114
112 115
113 116
114 117
115 118
116 119
117 120
118 121
119 122
120 123
121 124
122 125
123 126
124 127
125 128
126 129
127 130
128 131
129 132
130 133
131 134
132 -
133 -
134 -
135 -
136 -
137 -
138 -
139 -
140 -
141 -
142 -
143 -
144 -
145 -
146 -
147 -
148 -
149 -
150 -
151 -
152 -
153 -
154 -
155 -
156 -
157 -
158 -
159 -
160 -
161 -
162 -
163 -
164 -
165 -
166 -
167 -
168 -
169 -
170 -
171 -
172 -
173 135
174 136
175 137
176 138
177 139
178 140
179 141
180 142
181 143
182 144
183 -
184 -
185 -
186 -
187 -
188 -
189 -
190 -
191 -
192 -
193 -
194 -
195 -
196 -
197 -
198 -
199 -
200 -
201 -
202 145
203 146
204 147
205 148
206 149
207 150
208 151
209 152
210 -
211 -
212 -
213 -
214 -
215 -
216 -
217 153
218 154
219 155
220 -
221 156
222 157
223 158
224 159
225 160
226 161
227 162
228 163
229 164
230 165
231 166
232 167
233 168
234 169
235 -
236 -
237 -
238 -
239 -
240 -
241 -
242 -
243 -
244 -
245 -
246 -
247 -
248 -
249 -
250 -
251 170
252 171
253 172
254 173
255 174
256 175
257 176
258 177
259 178
- 179
260 -
261 -
262 -
263 -
264 -
265 -
266 -
- 180
267 -
268 181
269 182
270 183
271 184
272 -
273 185
274 186
275 187
276 188
277 189
278 190
279 191
280 192
281 193
282 194
283 195
284 196
285 197
286 198
287 199
288 200
289 201
290 202
291 203
292 204
293 205
294 206
295 207
296 208
297 209
298 210
299 211
300 212
301 213
302 214
- 215
303 216
304 217
305 218
306 219
307 220
308 -
309 -
310 221
311 -
312 -
313 -
314 -
315 -
316 222
317 223
318 224
319 225
320 226
321 227
322 228
323 229
324 230
325 231
326 232
327 233
328 234
329 235
330 236
331 237
332 238
333 239
334 240
335 241
336 242
337 243
338 244
339 245
340 246
341 247
342 248
343 249
344 250
345 251
346 252
347 253
348 254
349 255
350 256
351 257
352 258
353 259
354 260
355 261
356 262
357 263
358 264
359 265
360 266
361 267
362 -
363 -
364 -
365 268
366 269
367 270
368 271
369 272
370 273
371 274
372 275
373 276
374 277
375 278
376 279
377 280
378 281
379 282
380 283
381 284
382 285
383 286
384 287
385 288
386 289
387 290
388 291
389 292
390 293
391 294
392 295
393 296
394 297
395 298
396 299
397 300
398 301
399 302
400 303
401 304
402 305
403 306
404 307
405 308
406 309
407 310
408 311
409 312
410 313
411 314
412 315
413 316
414 317
415 -
416 -
417 -
418 -
419 -
420 -
- 318
- 319
- 320
- 321
- 322
- 323
- 324
- 325
- 326
- 327
- 328
- 329
- 330
- 331
- 332
- 333
- 334
- 335
- 336
- 337
- 338
- 339
- 340
- 341
- 342
- 343
- 344
- 345
- 346
- 347
- 348
- 349
- 350
- 351
- 352
- 353
- 354
- 355
- 356
- 357
- 358
- 359
- 360
- 361
- 362
- 363
- 364
- 365
- 366
- 367
- 368
- 369
- 370
- 371
- 372
- 373
- 374
- 375
- 376
- 377
- 378
- 379
- 380
- 381
- 382
- 383
- 384
- 385
- 386
- 387
- 388
- 389
- 390
- 391
- 392
- 393
- 394
- 395
- 396
- 397
- 398
- 399
- 400
- 401
- 402
- 403
- 404
- 405
- 406
- 407
- 408
- 409
- 410
- 411
- 412
- 413
- 414
- 415
- 416
- 417
- 418
- 419
- 420
- 421
- 422
- 423
- 424
- 425
- 426
- 427
- 428
- 429
- 430
- 431
- 432
- 433
- 434
- 435
- 436
- 437
- 438
- 439
- 440
- 441
- 442
- 443
- 444
- 445
- 446
