3 4
4 -
5 5
6 6
7 7
8 8
9 9
10 10
11 11
12 12
13 13
14 14
15 15
16 16
17 17
18 18
19 19
20 20
21 21
22 22
23 23
24 24
25 25
26 26
27 27
28 28
29 29
30 30
31 31
32 32
33 33
34 34
35 -
36 35
37 36
38 37
39 38
40 39
41 40
42 41
43 42
44 43
45 44
46 45
47 46
48 47
49 48
50 49
51 50
52 51
53 52
54 53
55 54
56 55
57 56
- 57
- 58
- 59
- 60
58 61
59 62
60 63
61 64
62 65
63 66
64 67
65 68
66 69
67 70
68 71
69 72
70 73
71 74
72 75
73 76
74 77
75 78
76 79
77 80
78 81
79 82
80 83
81 84
82 85
83 86
84 87
85 88
86 89
87 90
88 91
89 92
90 93
91 94
92 95
93 96
94 97
95 98
96 99
97 100
98 101
99 102
100 103
101 104
102 105
103 106
104 107
105 108
106 109
107 110
108 111
109 112
110 113
111 114
112 115
113 116
114 117
115 -
116 -
117 -
118 -
119 -
120 -
121 -
122 -
123 -
124 -
125 118
126 119
127 120
128 121
129 122
130 123
131 124
132 125
133 126
134 127
135 128
136 129
137 130
138 131
139 -
140 132
141 133
142 134
143 135
144 136
145 137
146 138
147 139
148 140
149 141
150 142
151 143
152 144
153 145
154 146
155 147
156 148
157 149
158 150
159 151
160 152
161 153
162 154
163 155
164 156
165 157
166 158
167 159
168 160
169 161
170 162
171 163
172 164
173 165
174 166
175 167
176 168
177 169
178 170
179 171
180 172
181 173
182 174
183 175
184 176
185 177
186 178
187 179
188 180
189 181
190 182
191 183
192 184
193 185
194 186
195 187
196 188
197 189
198 190
199 191
200 192
201 193
202 194
203 195
204 196
205 197
206 198
207 199
208 200
209 201
210 202
211 203
212 204
213 205
214 206
215 207
216 208
217 209
218 210
219 211
220 212
- 213
221 214
222 215
223 216
224 217
225 218
226 219
227 220
228 221
229 222
- 223
- 224
230 225
231 226
232 227
233 228
234 229
235 230
236 231
237 232
238 233
239 234
240 235
241 236
242 237
243 238
244 239
245 240
246 241
247 242
248 243
249 244
250 245
251 246
252 247
253 248
254 249
255 250
256 251
257 252
258 253
259 254
260 255
- 256
- 257
- 258
- 259
261 260
262 261
263 262
264 263
265 264
266 265
267 266
268 267
269 268
270 269
271 270
272 271
273 272
274 273
275 274
276 275
277 276
278 277
279 278
280 279
281 280
282 281
283 282
284 283
285 284
286 285
287 286
288 287
289 288
290 289
291 290
292 291
293 292
294 293
295 294
296 295
297 296
298 297
299 298
300 299
301 300
302 301
303 302
304 303
305 304
306 305
307 306
308 307
309 308
310 309
311 310
312 311
313 312
314 313
315 314
316 315
317 316
318 317
319 318
320 319
321 320
322 321
323 322
324 323
325 324
326 325
327 326
328 327
329 328
330 329
331 330
332 331
333 332
334 333
335 334
336 335
337 336
338 337
339 338
340 339
341 340
342 341
343 342
344 343
345 344
346 345
347 346
348 347
349 348
350 349
351 350
352 351
353 352
354 353
355 354
356 355
357 356
358 357
359 358
360 359
361 360
362 361
363 362
364 363
365 364
366 365
367 366
368 367
369 368
370 369
- 370
- 371
- 372
- 373
- 374
- 375
- 376
- 377
- 378
- 379
- 380
- 381
- 382
- 383
- 384
- 385
- 386
