2 2
3 3
4 4
5 5
6 6
7 7
8 8
9 9
10 10
11 11
12 12
13 13
14 14
15 15
16 16
17 17
18 18
19 19
20 20
21 21
22 22
23 23
24 24
25 25
26 26
27 27
28 28
29 29
30 30
31 31
32 32
33 33
34 34
35 35
36 36
37 37
38 38
39 39
40 40
41 41
42 42
43 43
44 44
45 45
46 46
47 47
48 48
49 49
50 50
51 51
52 -
53 52
54 53
55 54
56 55
57 56
58 57
59 58
60 59
61 60
62 61
- 62
- 63
63 64
64 65
65 66
66 67
67 68
68 69
69 70
70 71
71 72
72 73
73 74
74 75
75 76
76 77
77 78
78 79
79 80
80 81
81 82
82 83
83 84
84 85
85 86
86 87
87 88
88 89
- 90
- 91
89 92
90 93
91 94
92 95
93 96
94 97
95 98
96 99
97 100
98 101
99 102
100 103
101 104
102 105
103 106
104 107
105 108
106 109
107 110
108 111
109 112
110 113
111 114
112 115
113 116
114 117
115 118
116 119
117 120
118 121
119 122
120 123
121 124
122 125
123 126
124 127
125 128
126 129
127 130
128 131
129 132
130 133
131 134
132 135
133 136
134 -
135 137
136 138
137 139
138 140
139 141
140 142
141 143
142 144
143 145
144 146
145 -
146 -
147 147
148 148
149 -
150 -
151 -
152 -
153 -
154 -
155 -
156 -
157 -
158 -
159 -
160 149
161 150
162 151
163 152
164 153
165 154
166 155
167 156
168 157
169 158
170 159
171 160
172 161
173 162
174 163
175 164
176 165
177 166
178 167
179 168
180 169
181 170
182 171
183 172
184 173
185 174
186 175
187 176
188 177
189 178
190 179
191 180
192 181
193 182
194 183
195 184
196 185
197 186
198 187
199 188
200 189
201 190
202 191
203 192
204 193
205 194
206 195
207 -
208 -
209 -
210 -
211 -
212 196
213 197
214 198
215 199
216 200
217 201
218 202
219 203
220 204
221 -
222 -
223 -
224 -
225 -
226 -
227 -
228 -
229 -
230 -
231 -
232 -
233 -
234 -
235 -
236 -
237 205
238 206
239 207
240 208
241 209
242 -
243 -
244 -
245 -
246 -
247 -
248 210
249 -
250 211
251 212
252 213
253 214
254 -
255 -
256 -
257 -
258 -
259 -
260 -
261 -
262 -
263 -
264 -
265 -
266 -
267 -
268 -
269 -
270 -
271 -
272 215
273 216
274 -
275 -
276 -
277 217
278 218
279 219
280 220
281 221
282 -
283 -
284 -
285 -
286 -
287 -
288 -
289 222
290 223
291 224
292 225
293 226
294 -
295 -
296 -
297 -
298 227
299 -
300 -
301 -
302 -
303 -
304 -
305 -
306 -
307 -
308 228
309 229
310 230
311 -
312 -
313 -
314 -
315 231
316 232
317 233
318 234
319 -
320 235
321 236
322 237
323 238
324 239
325 240
326 241
327 242
328 243
329 244
330 245
331 246
332 247
333 248
334 249
335 250
336 251
337 252
338 253
339 254
340 255
341 256
342 257
343 258
344 259
345 260
346 261
347 262
348 263
349 264
350 265
351 266
352 267
353 268
354 269
355 270
356 271
357 272
358 273
359 274
360 275
361 276
362 277
363 278
364 279
365 280
366 281
367 282
368 283
369 284
370 285
371 286
372 287
373 288
374 289
375 290
376 291
377 292
378 293
379 294
380 295
381 -
382 -
383 -
384 -
385 -
386 -
387 -
- 296
- 297
- 298
- 299
- 300
- 301
- 302
- 303
- 304
- 305
- 306
- 307
- 308
- 309
- 310
- 311
- 312
- 313
- 314
- 315
- 316
- 317
- 318
- 319
- 320
- 321
- 322
- 323
- 324
- 325
- 326
- 327
- 328
- 329
- 330
- 331
- 332
- 333
- 334
- 335
- 336
- 337
- 338
- 339
- 340
- 341
- 342
- 343
- 344
- 345
- 346
- 347
- 348
- 349
- 350
- 351
- 352
- 353
- 354
- 355
- 356
- 357
- 358
- 359
- 360
- 361
- 362
- 363
- 364
- 365
- 366
- 367
- 368
- 369
- 370
- 371
- 372
- 373
- 374
- 375
- 376
- 377
- 378
- 379
- 380
- 381
- 382
- 383
- 384
- 385
- 386
- 387
- 388
- 389
- 390
- 391
- 392
- 393
- 394
- 395
- 396
- 397
- 398
- 399
- 400
- 401
- 402
