2 2
3 3
4 4
- 5
- 6
- 7
- 8
- 9
- 10
- 11
- 12
- 13
- 14
- 15
- 16
- 17
- 18
- 19
- 20
- 21
- 22
- 23
- 24
- 25
- 26
- 27
- 28
- 29
5 30
6 31
7 32
8 33
9 34
10 35
11 36
12 37
13 38
14 39
15 40
16 41
17 42
18 43
19 44
20 45
21 46
22 47
23 48
24 49
25 50
- 51
- 52
- 53
- 54
- 55
- 56
- 57
- 58
- 59
- 60
- 61
- 62
26 63
27 64
28 65
29 66
30 67
31 68
32 69
33 70
- 71
34 72
35 73
36 74
37 75
38 76
39 77
40 78
41 79
42 80
43 81
44 82
45 83
46 84
47 85
48 86
49 87
50 88
51 89
52 90
53 91
54 92
55 93
56 94
- 95
57 -
58 96
59 97
60 98
61 99
62 100
63 101
64 102
65 103
66 104
67 105
68 106
69 107
70 108
71 109
72 110
73 111
74 112
75 113
76 114
77 115
78 116
79 117
80 118
81 119
82 120
83 121
84 122
85 123
86 124
87 125
88 126
89 127
90 128
91 129
92 130
93 131
94 132
95 133
96 134
97 135
98 136
- 137
- 138
- 139
- 140
- 141
- 142
- 143
- 144
- 145
- 146
- 147
- 148
- 149
- 150
- 151
- 152
99 -
- 153
100 -
101 -
- 154
102 155
103 156
104 157
105 158
- 159
- 160
- 161
- 162
106 163
107 164
108 165
109 166
110 167
111 168
112 169
113 170
114 171
- 172
115 173
116 174
117 175
- 176
118 177
119 178
120 179
121 180
122 181
- 182
- 183
- 184
- 185
123 186
124 187
125 188
- 189
126 190
- 191
- 192
- 193
- 194
- 195
- 196
- 197
- 198
- 199
- 200
- 201
- 202
- 203
- 204
- 205
- 206
127 207
128 208
129 209
130 210
131 211
132 212
- 213
133 214
134 215
135 -
136 -
137 216
138 217
139 218
140 219
141 220
142 221
143 222
144 223
145 224
146 225
- 226
- 227
- 228
147 229
148 230
- 231
149 232
150 233
151 234
152 235
153 236
154 237
155 238
156 239
157 240
158 241
159 242
160 243
161 244
162 245
163 246
164 247
- 248
- 249
- 250
- 251
- 252
- 253
- 254
- 255
165 256
166 257
167 258
168 259
169 260
- 261
170 -
- 262
171 -
- 263
172 264
173 -
- 265
174 -
- 266
175 -
- 267
176 -
177 268
178 269
179 270
180 271
181 272
182 273
183 274
184 275
185 276
186 277
187 278
188 279
189 280
- 281
- 282
- 283
- 284
- 285
- 286
- 287
- 288
- 289
- 290
190 291
- 292
- 293
- 294
- 295
191 296
192 297
193 298
194 299
195 300
196 301
197 302
198 303
- 304
- 305
- 306
199 307
200 308
201 309
202 310
203 311
204 312
205 313
206 314
207 315
208 316
209 317
- 318
210 319
211 320
212 321
213 322
214 323
215 324
216 325
217 326
218 327
219 328
220 329
221 330
222 -
- 331
223 -
224 332
225 333
226 334
227 335
- 336
228 -
- 337
229 -
- 338
230 -
- 339
231 -
232 340
233 341
234 342
235 343
236 344
237 345
238 346
239 347
240 348
241 349
- 350
242 -
- 351
243 -
- 352
244 -
- 353
245 -
- 354
246 -
- 355
247 -
- 356
248 357
249 358
250 359
251 360
252 361
253 362
254 363
