4 4
5 5
6 6
7 7
8 8
9 9
10 10
11 11
12 12
13 13
14 14
15 15
16 16
17 17
18 18
19 19
20 20
21 21
22 22
23 23
24 24
25 25
26 26
27 27
28 28
29 29
30 30
31 31
32 32
33 33
34 34
35 -
36 35
37 36
38 37
39 38
40 39
41 40
42 41
43 42
44 43
45 44
46 45
47 46
48 47
49 48
50 49
51 50
52 51
53 52
54 53
55 54
- 55
- 56
- 57
56 58
57 59
58 60
59 61
60 62
- 63
61 64
62 65
63 66
64 67
65 68
66 69
67 70
68 71
69 72
70 73
71 74
72 75
73 76
74 77
75 78
76 79
77 80
78 81
79 82
80 83
81 84
82 85
83 86
84 87
85 88
86 89
87 90
88 91
89 92
90 93
91 94
92 95
93 96
94 97
95 98
96 99
97 100
98 101
99 102
100 103
101 104
102 105
103 106
104 107
105 108
106 109
107 110
108 111
109 112
110 113
111 114
112 115
113 116
114 -
115 -
116 -
117 -
118 -
119 -
120 -
121 -
122 -
123 -
124 117
125 118
126 119
127 120
128 121
129 122
130 123
131 124
132 125
133 126
134 127
135 128
136 129
137 -
138 -
139 -
140 -
141 -
142 -
143 -
144 -
145 -
146 -
147 -
148 -
149 -
150 -
151 -
152 -
153 130
154 131
155 132
156 133
157 134
158 135
159 136
160 137
161 138
162 139
163 140
164 141
165 142
166 143
167 144
168 145
169 146
170 147
171 148
172 149
173 150
174 151
175 -
176 152
177 153
178 154
179 155
180 156
181 157
182 158
183 159
184 160
185 161
186 162
187 163
188 164
189 165
190 166
191 167
192 168
193 169
194 170
195 171
196 172
197 173
198 174
199 175
200 176
201 177
202 178
203 179
204 180
205 181
206 182
207 183
208 184
209 185
210 186
211 187
212 188
213 189
- 190
- 191
- 192
214 193
215 194
216 195
217 196
218 197
219 198
220 199
221 200
222 201
223 202
224 203
225 204
226 205
227 206
228 207
229 208
- 209
- 210
230 211
231 212
232 213
233 214
234 215
235 216
236 217
237 218
238 219
239 220
240 221
241 222
242 223
243 224
244 225
245 226
246 227
247 228
248 229
249 230
250 231
251 232
252 233
253 234
254 235
255 236
256 237
257 238
258 239
259 240
260 241
261 242
262 243
263 244
264 245
265 246
266 247
267 248
268 249
269 250
270 251
271 252
272 253
273 254
274 255
275 256
276 257
277 258
278 259
279 260
280 261
281 262
282 263
283 264
284 265
285 266
286 267
287 268
288 269
289 270
290 271
291 272
292 273
293 274
294 275
295 276
296 277
297 278
298 279
299 280
300 281
301 282
302 283
303 284
304 285
305 286
306 287
307 288
308 289
- 290
309 291
310 292
311 293
312 294
313 295
314 296
315 297
316 298
317 299
318 300
319 301
320 302
321 303
322 304
323 305
324 306
325 307
326 308
327 309
328 310
329 311
330 312
331 313
332 314
333 315
334 316
335 317
336 318
337 319
338 320
339 321
340 322
341 323
342 324
343 325
344 326
345 327
346 328
347 329
348 330
349 331
350 332
351 333
352 334
353 335
354 336
355 337
356 338
357 339
358 340
359 341
360 342
361 343
362 344
363 345
364 346
365 347
366 348
367 349
368 350
369 351
370 352
- 353
- 354
- 355
- 356
- 357
- 358
- 359
- 360
- 361
- 362
- 363
- 364
- 365
- 366
- 367
- 368
- 369
- 370
- 371
- 372
- 373
- 374
- 375
- 376
- 377
- 378
- 379
- 380
- 381
- 382
- 383
- 384
- 385
- 386
