3 3
4 -
5 -
6 -
7 -
8 4
9 -
- 5
10 -
11 -
12 -
13 -
14 -
15 -
16 -
17 -
18 -
19 -
20 -
21 -
22 -
23 -
24 -
25 -
26 -
27 -
28 -
29 -
30 -
31 -
32 6
33 7
34 8
35 9
36 10
37 11
38 12
39 13
40 14
41 15
42 16
43 17
44 18
45 19
46 20
47 21
48 22
49 23
50 24
51 25
52 26
53 27
54 -
55 -
56 28
57 29
58 30
59 -
60 -
61 -
62 -
63 -
64 -
65 -
66 -
67 31
68 32
69 33
70 34
71 35
72 36
73 37
74 38
75 39
76 40
77 41
78 42
79 43
80 44
81 45
82 46
83 47
84 48
85 49
86 50
87 -
88 -
89 -
90 -
91 51
92 52
93 53
94 54
95 55
96 56
97 57
98 58
99 59
100 60
101 61
102 62
103 63
104 64
105 65
106 66
107 67
108 68
109 69
110 70
111 71
112 72
113 73
114 74
115 75
116 76
117 77
118 78
119 79
120 80
121 81
122 82
123 83
124 84
125 85
126 86
127 87
128 88
129 89
130 90
131 91
132 92
133 93
134 94
135 -
136 -
137 95
138 96
139 97
140 98
- 99
141 100
142 101
143 102
144 103
145 104
146 105
147 106
148 107
149 -
150 108
151 109
152 110
153 -
154 -
155 -
156 -
157 -
158 -
159 -
160 -
161 -
162 -
163 -
164 -
165 -
166 -
167 -
168 -
169 -
170 -
171 -
172 111
173 112
174 113
175 -
176 -
177 114
178 115
179 116
180 117
181 118
182 119
183 120
184 121
185 122
186 -
- 123
187 -
188 -
- 124
189 -
190 125
191 126
192 127
193 128
194 129
195 130
196 131
197 132
198 133
199 134
200 135
201 136
202 137
203 138
204 139
205 140
206 141
207 142
208 143
209 144
210 145
211 146
212 147
213 148
214 149
215 150
216 151
217 152
218 153
219 154
220 155
221 156
222 157
223 158
224 159
225 160
226 161
227 162
228 163
229 164
230 165
231 166
232 167
233 168
234 169
235 170
236 171
237 172
238 173
239 -
240 -
241 -
242 -
243 -
244 -
245 -
246 -
247 -
248 -
249 -
250 -
251 -
252 -
253 -
254 -
255 -
256 -
257 -
- 174
258 -
- 175
259 -
- 176
260 -
- 177
261 -
- 178
262 -
263 -
264 -
265 179
266 180
267 -
268 181
269 182
270 -
271 183
272 184
273 185
274 186
275 187
276 188
277 189
278 190
279 191
280 192
281 193
282 194
283 195
284 196
285 197
286 198
287 199
288 200
289 201
290 202
291 203
292 204
293 205
294 206
295 207
296 208
297 209
298 210
299 211
300 212
301 213
- 214
302 215
303 216
304 217
305 218
306 -
307 -
308 -
309 -
310 -
311 -
312 -
313 219
314 220
315 221
316 222
317 223
318 224
319 225
320 226
321 227
322 228
323 229
324 230
325 231
326 232
327 233
328 234
329 235
330 236
331 237
332 238
333 239
334 240
335 241
336 242
337 243
338 244
339 245
340 246
341 247
342 248
343 249
344 250
345 251
346 252
347 253
348 254
349 255
350 256
351 257
352 258
353 259
354 260
355 261
356 262
357 263
358 264
359 265
360 -
361 -
362 -
363 266
364 267
365 268
366 269
367 270
368 271
369 272
370 273
371 274
372 275
373 276
374 277
375 278
376 279
377 280
378 281
379 282
380 283
381 284
382 285
383 286
384 287
385 288
386 289
387 290
388 291
389 292
390 293
391 294
392 295
393 296
394 -
395 -
396 -
397 -
398 -
399 297
400 298
401 299
- 300
- 301
- 302
- 303
- 304
- 305
- 306
- 307
- 308
- 309
- 310
- 311
- 312
- 313
- 314
- 315
- 316
- 317
- 318
- 319
- 320
- 321
- 322
- 323
- 324
- 325
- 326
- 327
- 328
- 329
- 330
- 331
- 332
- 333
- 334
- 335
- 336
- 337
- 338
- 339
- 340
- 341
- 342
- 343
- 344
- 345
- 346
- 347
- 348
- 349
- 350
- 351
- 352
- 353
- 354
- 355
- 356
- 357
- 358
- 359
- 360
- 361
- 362
- 363
- 364
- 365
- 366
- 367
- 368
- 369
- 370
- 371
- 372
- 373
- 374
- 375
- 376
- 377
- 378
- 379
- 380
- 381
- 382
- 383
- 384
- 385
- 386
- 387
- 388
- 389
- 390
- 391
- 392
- 393
- 394
- 395
- 396
- 397
- 398
- 399
- 400
- 401
- 402
- 403
- 404
- 405
- 406
- 407
- 408
- 409
- 410
- 411
- 412
- 413
- 414
- 415
- 416
- 417
- 418
- 419
- 420
