3 3
4 4
5 -
6 -
7 -
8 -
9 -
10 -
11 -
12 -
13 -
14 -
15 -
16 -
17 -
18 -
19 -
20 -
21 -
22 -
23 -
24 -
25 -
26 -
27 -
28 -
29 -
30 -
31 5
32 6
33 7
34 8
35 9
36 10
37 11
38 12
39 13
40 14
41 15
42 16
43 17
44 18
45 19
46 20
47 21
48 22
49 23
50 -
51 -
- 24
52 -
53 25
54 26
55 27
56 28
57 29
58 -
59 -
60 -
61 -
62 -
63 -
64 -
65 -
- 30
66 -
67 31
68 32
69 33
70 34
71 35
72 36
73 37
74 38
75 39
76 40
77 41
78 42
79 43
80 44
81 45
82 46
83 47
84 48
85 49
86 -
87 -
88 -
89 -
90 50
91 51
92 52
93 53
94 54
95 55
96 56
97 57
98 58
99 59
100 60
101 61
102 62
103 63
104 64
105 65
106 66
107 67
108 68
109 69
110 70
111 71
112 72
113 73
114 74
115 75
116 76
117 77
118 78
119 79
120 80
121 81
122 82
123 83
124 84
125 85
126 86
127 87
128 88
129 89
130 90
131 91
132 92
133 93
134 -
135 -
136 94
137 95
138 96
139 97
140 98
141 99
142 100
143 -
144 101
145 102
146 103
147 104
148 105
149 106
150 107
151 -
152 -
153 -
154 -
155 -
156 -
157 -
158 -
159 -
160 -
161 -
162 -
163 -
164 -
165 -
166 -
167 -
168 -
169 108
170 109
171 110
172 111
173 112
174 113
175 -
176 -
177 114
178 115
179 116
180 117
181 118
182 119
183 120
184 121
185 122
186 -
187 -
- 123
188 -
189 124
190 125
191 126
192 127
193 128
194 129
195 130
196 131
197 132
198 133
199 134
200 135
201 136
202 137
203 138
204 139
205 140
206 141
207 142
208 143
209 144
210 145
211 146
212 147
213 148
214 149
215 150
216 151
217 152
218 153
219 154
220 155
221 156
222 157
223 158
224 159
225 160
226 161
227 162
228 163
229 164
230 165
231 166
232 167
233 168
234 169
235 170
236 171
237 172
238 173
239 174
240 175
241 176
242 177
243 178
244 179
245 180
246 181
247 182
248 183
249 184
250 185
251 186
252 187
253 188
254 189
255 190
256 191
257 192
258 193
259 194
260 -
261 -
262 195
263 196
264 197
265 198
266 199
267 200
268 201
269 -
270 -
271 202
272 203
273 204
274 205
275 206
276 207
277 208
278 209
279 -
280 210
281 -
282 211
283 212
284 213
285 214
286 215
287 216
288 217
289 218
290 219
291 220
292 221
293 222
294 223
295 224
296 -
297 -
298 -
299 -
300 -
301 -
302 -
303 -
304 -
305 -
306 -
307 -
308 -
309 -
- 225
310 -
- 226
311 -
- 227
312 -
313 228
- 229
314 -
- 230
315 -
316 231
317 232
318 233
319 234
320 235
321 236
322 237
323 238
324 239
325 240
326 241
327 242
328 243
329 244
330 245
331 246
332 247
333 248
334 249
335 250
336 251
337 252
338 253
339 254
340 255
341 256
342 257
343 258
344 259
345 260
346 261
347 262
348 263
349 264
350 265
351 266
352 267
353 268
354 269
355 270
356 271
357 272
358 273
359 274
360 275
361 276
362 277
363 278
364 279
365 280
366 -
367 -
368 -
- 281
369 -
- 282
- 283
- 284
- 285
- 286
- 287
- 288
- 289
- 290
- 291
- 292
- 293
- 294
- 295
- 296
- 297
- 298
- 299
- 300
- 301
- 302
- 303
- 304
- 305
- 306
- 307
- 308
- 309
- 310
- 311
- 312
- 313
- 314
- 315
- 316
- 317
- 318
- 319
- 320
- 321
- 322
- 323
- 324
- 325
- 326
- 327
- 328
- 329
- 330
- 331
- 332
- 333
- 334
- 335
- 336
- 337
- 338
- 339
- 340
- 341
- 342
- 343
- 344
- 345
- 346
- 347
- 348
- 349
- 350
- 351
- 352
- 353
- 354
- 355
- 356
- 357
- 358
- 359
- 360
- 361
- 362
- 363
- 364
- 365
- 366
- 367
- 368
- 369
- 370
- 371
- 372
- 373
- 374
- 375
- 376
- 377
- 378
- 379
- 380
- 381
- 382
- 383
- 384
- 385
