3 3
4 4
5 -
6 -
7 -
8 -
9 -
10 -
11 -
12 -
13 -
14 -
15 -
16 -
17 -
18 -
19 -
20 -
21 -
22 -
23 -
24 -
25 -
26 -
27 -
28 -
29 -
30 -
31 5
32 6
33 7
34 8
35 9
36 10
37 11
38 12
39 13
40 14
41 15
42 16
43 17
44 18
45 19
46 20
47 21
48 22
49 23
50 -
51 -
- 24
52 -
53 25
54 26
55 27
56 28
57 29
58 -
59 -
60 -
61 -
62 -
63 -
64 -
65 -
- 30
66 -
67 31
68 32
69 33
70 34
71 35
72 36
73 37
74 38
75 39
76 40
77 41
78 42
79 43
80 44
81 45
82 46
83 47
84 48
85 49
86 -
87 -
88 -
89 -
90 50
91 51
92 52
93 53
94 54
95 55
96 56
97 57
98 58
99 59
100 60
101 61
102 62
103 63
104 64
105 65
106 66
107 67
108 68
109 69
110 70
111 71
112 72
113 73
114 74
115 75
116 76
117 77
118 78
119 79
120 80
121 81
122 82
123 83
124 84
125 85
126 86
127 87
128 88
129 89
130 90
131 91
132 92
133 93
134 -
135 -
136 94
137 95
138 96
139 97
140 98
141 99
142 100
143 -
144 101
145 102
146 103
147 104
148 105
149 106
150 107
151 -
152 -
153 -
154 -
155 -
156 -
157 -
158 -
159 -
160 -
161 -
162 -
163 -
164 -
165 -
166 -
167 -
168 -
169 108
170 109
171 110
172 111
173 112
174 113
175 -
176 -
177 -
178 -
179 -
180 -
181 -
182 114
183 115
184 -
185 -
186 -
187 -
188 -
189 116
190 117
191 118
192 119
193 -
- 120
194 -
195 121
196 122
197 123
198 124
199 125
200 126
201 127
202 128
203 129
204 130
205 131
206 -
207 -
208 -
209 132
210 133
211 134
212 135
213 136
214 137
215 -
216 -
217 -
218 -
219 -
220 -
221 -
222 -
- 138
223 -
- 139
224 -
225 140
226 141
227 142
228 143
229 144
230 145
231 146
232 147
- 148
233 -
- 149
234 150
235 151
236 152
237 153
238 154
239 155
240 156
241 157
242 158
243 159
244 160
245 161
246 162
247 163
248 164
249 165
250 166
251 167
252 168
253 169
254 170
255 171
- 172
256 -
- 173
257 -
- 174
258 -
- 175
259 -
- 176
260 -
- 177
261 -
262 -
263 -
264 178
265 -
- 179
266 -
267 180
268 181
269 182
270 183
271 -
272 184
273 185
274 186
275 187
276 188
277 189
278 190
279 191
280 192
281 193
282 194
283 195
284 196
285 197
286 198
287 199
288 200
289 201
290 202
291 203
292 204
293 205
294 206
295 207
296 208
297 209
298 210
299 211
300 212
301 213
- 214
302 215
303 -
304 -
305 -
306 -
307 -
308 -
309 -
310 216
311 217
312 218
313 219
314 220
315 221
316 222
317 223
318 224
319 225
320 226
321 227
322 228
323 229
324 230
325 231
326 232
327 233
328 234
329 235
330 236
331 237
332 238
333 239
334 240
335 241
336 242
337 243
338 244
339 245
340 246
341 247
342 248
343 249
344 250
345 251
346 252
347 253
348 254
349 255
350 256
351 257
352 258
353 259
354 260
355 261
356 262
357 263
358 264
359 265
360 -
361 -
362 -
363 266
364 267
365 268
366 269
367 270
368 271
369 272
370 273
371 274
372 275
373 276
374 277
375 278
376 279
377 280
378 281
379 282
380 283
381 284
382 285
383 286
384 -
385 -
- 287
386 -
- 288
- 289
- 290
- 291
- 292
- 293
- 294
- 295
- 296
- 297
- 298
- 299
- 300
- 301
- 302
- 303
- 304
- 305
- 306
- 307
- 308
- 309
- 310
- 311
- 312
- 313
- 314
- 315
- 316
- 317
- 318
- 319
- 320
- 321
- 322
- 323
- 324
- 325
- 326
- 327
- 328
- 329
- 330
- 331
- 332
- 333
- 334
- 335
- 336
- 337
- 338
- 339
- 340
- 341
- 342
- 343
- 344
- 345
- 346
- 347
- 348
- 349
- 350
- 351
- 352
- 353
- 354
- 355
- 356
- 357
- 358
- 359
- 360
- 361
- 362
- 363
- 364
- 365
- 366
- 367
- 368
- 369
- 370
- 371
- 372
- 373
- 374
- 375
- 376
- 377
- 378
- 379
- 380
- 381
- 382
- 383
- 384
- 385
- 386
- 387
- 388
- 389
- 390
- 391
- 392
- 393
- 394
- 395
- 396
- 397
- 398
- 399
- 400
- 401
