4 4
5 5
6 6
7 7
8 8
9 9
10 10
11 11
12 12
13 13
14 14
15 15
16 16
17 17
18 18
19 19
20 20
21 21
22 22
23 23
24 24
25 25
26 26
27 27
28 28
29 29
30 30
31 31
32 32
33 33
34 34
35 -
36 35
37 36
38 37
39 38
40 39
41 40
42 41
43 42
44 43
45 44
46 45
47 46
48 47
49 48
50 49
51 50
52 51
53 52
54 53
55 54
- 55
- 56
- 57
- 58
56 59
57 60
58 61
59 62
60 63
61 64
62 65
63 66
64 67
65 68
66 69
67 70
68 71
69 72
70 73
71 74
72 75
73 76
74 77
75 78
76 79
77 80
78 81
79 82
80 83
81 84
82 85
83 86
84 87
85 88
86 89
87 90
88 91
89 92
90 93
91 94
92 95
93 96
94 97
95 98
96 99
97 100
98 101
99 102
100 103
101 104
102 105
103 106
104 107
105 108
106 109
107 110
108 111
109 112
110 113
111 114
112 115
113 116
114 -
115 -
116 -
117 -
118 -
119 -
120 -
121 -
122 -
123 -
124 117
125 118
126 119
127 120
128 121
129 122
130 123
131 124
132 125
133 126
134 127
135 128
136 129
137 130
138 -
139 -
140 -
141 -
142 -
143 -
144 -
145 -
146 131
147 132
148 133
149 134
150 135
151 136
152 137
- 138
- 139
- 140
- 141
153 142
154 143
155 144
156 145
157 146
158 147
159 148
160 149
161 150
162 151
163 152
164 153
165 154
166 155
167 156
168 157
169 158
170 159
171 160
172 161
173 162
174 163
175 164
176 165
177 166
178 167
179 168
180 169
181 170
182 171
183 172
184 173
185 174
186 175
187 176
188 177
189 178
190 179
191 180
- 181
- 182
- 183
192 184
193 185
194 186
195 187
196 188
197 189
198 190
199 191
200 192
201 193
202 194
203 195
204 196
205 197
206 198
207 199
208 200
209 201
210 202
211 203
212 204
213 205
214 206
215 207
216 208
217 209
218 210
219 211
220 212
221 213
222 214
223 215
224 216
225 217
226 218
227 219
228 220
229 221
230 222
231 223
232 224
233 225
234 226
235 227
236 228
237 229
238 230
239 231
240 232
241 233
242 234
243 235
244 236
245 237
246 238
247 239
248 240
249 241
250 242
251 243
252 244
253 245
254 246
255 247
256 248
257 249
258 250
259 251
260 252
261 253
262 254
263 255
264 256
265 257
266 258
267 259
268 260
269 261
270 262
271 263
272 264
273 265
274 266
275 267
276 268
277 269
278 270
279 271
280 272
281 273
282 274
283 275
284 276
285 277
286 278
287 279
288 280
289 281
290 282
291 283
292 284
293 285
294 286
295 287
296 288
297 289
298 290
299 291
300 292
301 293
302 294
303 295
304 296
305 297
306 298
307 299
308 300
309 301
310 302
311 303
312 304
313 305
314 306
315 307
316 308
317 309
318 310
319 311
320 312
321 313
322 314
323 315
- 316
- 317
324 318
325 319
326 320
327 321
328 322
329 323
330 324
331 325
332 326
333 327
334 328
335 329
336 330
337 331
338 332
339 333
340 334
341 335
342 336
343 337
344 338
345 339
346 340
347 341
348 342
349 343
350 344
351 345
352 346
353 347
354 348
355 349
356 350
357 351
358 352
359 353
360 354
361 355
362 356
363 357
364 358
365 359
366 360
367 361
368 362
369 363
370 364
371 365
372 366
- 367
- 368
373 369
374 370
375 371
376 372
377 373
378 374
379 375
380 376
381 377
382 378
383 379
384 380
385 381
386 382
- 383
- 384
387 385
388 386
389 387
390 388
391 389
392 390
393 391
394 392
395 393
396 394
397 395
398 396
399 397
400 398
401 399
402 400
403 401
404 402
405 403
406 404
407 405
408 406
409 407
410 408
411 409
412 410
413 411
414 412
415 413
416 414
417 415
418 416
- 417
- 418
- 419
- 420
- 421
- 422
- 423
- 424
- 425
- 426
- 427
- 428
- 429
- 430
- 431
- 432
- 433
- 434
- 435
- 436
- 437
- 438
- 439
- 440
- 441
- 442
- 443
- 444
