4 4
5 5
6 6
7 7
8 8
9 9
10 10
11 11
12 12
13 13
14 14
15 15
16 16
17 17
18 18
19 19
20 20
21 21
22 22
23 23
24 24
25 25
26 26
27 27
28 28
29 29
30 30
31 31
32 32
33 33
34 34
35 35
36 36
37 37
38 38
39 39
40 40
41 41
42 42
43 43
44 44
45 45
46 46
47 47
48 48
49 -
- 49
50 -
51 50
52 51
53 52
54 53
55 54
56 55
57 56
58 57
59 58
60 59
- 60
- 61
61 62
62 63
63 64
64 65
65 66
66 67
67 68
68 69
69 70
70 71
71 72
72 73
73 74
74 75
75 76
76 77
77 78
78 79
79 80
80 81
81 82
82 83
83 84
84 85
- 86
- 87
85 88
86 89
87 90
88 91
89 92
90 93
91 94
92 95
93 96
94 97
95 98
96 99
97 100
98 101
99 102
100 103
101 104
102 105
103 106
104 107
105 108
106 109
107 110
108 -
109 -
110 -
111 -
112 -
113 -
114 -
115 -
116 -
117 -
118 -
119 -
120 -
121 -
122 -
123 -
124 -
125 -
126 -
127 -
128 -
129 -
130 -
131 -
132 -
133 -
134 -
135 -
136 -
137 -
138 -
139 -
140 -
141 -
142 -
143 -
144 -
145 -
146 -
147 -
148 -
149 -
150 -
151 -
152 -
153 -
154 -
155 -
156 -
157 -
158 -
159 -
160 -
161 -
162 -
163 -
164 -
165 -
166 -
167 -
168 -
169 -
170 -
171 -
172 111
173 112
174 -
175 -
176 113
177 114
178 115
179 116
180 117
181 118
182 119
183 120
184 121
185 122
186 -
187 -
- 123
188 -
189 124
190 125
191 126
192 127
193 128
194 129
195 130
196 131
197 132
198 133
199 134
200 135
201 136
202 137
203 138
204 139
205 140
206 141
207 142
208 143
209 144
210 145
211 146
212 147
213 148
214 149
215 150
216 151
217 152
218 153
219 154
220 155
221 156
222 157
223 158
224 159
225 160
226 161
227 162
228 163
229 164
230 165
231 166
232 167
233 168
234 169
235 170
236 171
237 172
238 173
239 174
240 175
241 176
242 177
243 178
244 179
245 180
246 181
247 182
248 183
249 184
250 185
251 186
252 187
253 188
254 189
255 190
256 191
257 192
258 -
259 -
260 193
261 194
262 195
263 196
264 197
265 198
266 199
267 200
268 -
269 -
270 201
271 202
272 203
273 204
274 205
275 206
276 207
277 208
278 209
279 -
280 210
281 -
282 211
283 212
284 213
285 214
286 215
287 216
288 217
289 218
290 219
291 220
292 221
293 222
294 223
295 224
296 225
297 226
298 -
299 -
300 -
301 -
302 -
303 -
304 -
305 -
306 -
307 -
308 -
309 -
310 -
311 -
- 227
312 -
- 228
313 -
- 229
314 -
- 230
315 -
316 231
317 232
318 233
319 234
320 235
321 236
322 237
323 238
324 239
325 240
326 241
327 242
328 243
329 244
330 245
331 246
332 247
333 248
334 249
335 250
336 251
337 252
338 253
339 254
340 255
341 256
342 257
343 258
344 259
345 260
346 261
347 262
348 263
349 264
350 265
351 266
352 267
353 268
354 269
355 270
356 271
357 272
358 273
359 274
360 275
361 276
362 -
363 -
364 -
365 -
366 -
367 -
- 277
368 -
- 278
369 -
- 279
- 280
- 281
- 282
- 283
- 284
- 285
- 286
- 287
- 288
- 289
- 290
- 291
- 292
- 293
- 294
- 295
- 296
- 297
- 298
- 299
- 300
- 301
- 302
- 303
- 304
- 305
- 306
- 307
- 308
- 309
- 310
- 311
- 312
- 313
- 314
- 315
- 316
- 317
- 318
- 319
- 320
- 321
- 322
- 323
- 324
- 325
- 326
- 327
- 328
- 329
- 330
- 331
- 332
- 333
- 334
- 335
- 336
- 337
- 338
- 339
- 340
- 341
- 342
- 343
- 344
- 345
- 346
- 347
- 348
- 349
- 350
- 351
- 352
- 353
- 354
- 355
- 356
- 357
- 358
- 359
- 360
- 361
- 362
- 363
- 364
- 365
- 366
- 367
- 368
- 369
- 370
- 371
- 372
- 373
- 374
- 375
- 376
- 377
- 378
- 379
- 380
- 381
- 382
- 383
- 384
- 385
