9 9
10 10
11 11
12 12
13 13
14 14
15 15
16 16
17 17
18 18
19 19
20 20
21 21
22 22
23 23
24 24
25 25
26 26
27 27
28 28
29 29
30 30
31 31
32 32
33 33
34 34
35 -
36 35
37 36
38 37
39 38
40 39
41 40
42 41
43 42
44 43
45 44
46 45
47 46
48 47
49 48
50 49
51 50
52 51
53 52
54 53
- 54
- 55
- 56
- 57
55 58
56 59
57 60
58 61
59 62
60 63
61 64
62 65
63 66
64 67
65 68
66 69
67 70
68 71
69 72
70 73
71 74
72 75
73 76
74 77
75 78
76 79
77 80
78 81
79 82
80 83
81 84
82 85
83 86
84 87
85 88
86 89
87 90
88 91
89 92
90 93
91 94
92 95
93 96
94 97
95 98
96 99
97 100
98 101
99 102
100 103
101 104
102 105
103 106
104 107
105 108
106 109
107 110
108 111
109 112
110 113
111 114
112 115
113 116
- 117
- 118
- 119
- 120
- 121
- 122
114 123
115 124
116 125
117 126
118 127
119 128
120 129
121 130
122 131
123 132
124 133
125 134
126 135
127 136
128 137
129 138
- 139
130 140
131 141
132 142
133 143
134 144
135 145
136 146
137 147
138 148
139 149
140 150
141 151
- 152
- 153
- 154
- 155
- 156
- 157
- 158
- 159
- 160
- 161
- 162
- 163
- 164
- 165
- 166
- 167
- 168
- 169
- 170
- 171
- 172
- 173
- 174
- 175
- 176
- 177
- 178
- 179
- 180
142 181
143 182
144 183
145 184
146 185
147 186
148 187
149 188
- 189
- 190
- 191
- 192
- 193
- 194
- 195
- 196
- 197
- 198
- 199
- 200
- 201
- 202
- 203
- 204
- 205
150 206
151 207
152 208
153 209
154 210
155 211
156 212
157 213
158 214
159 215
160 216
161 217
162 218
163 219
164 220
- 221
- 222
- 223
- 224
- 225
- 226
- 227
- 228
- 229
- 230
- 231
- 232
- 233
- 234
- 235
- 236
- 237
- 238
- 239
- 240
- 241
- 242
- 243
- 244
- 245
- 246
- 247
- 248
- 249
- 250
- 251
- 252
- 253
- 254
- 255
165 256
166 257
167 258
168 259
169 260
170 261
171 262
172 263
173 264
174 265
175 266
176 267
177 268
178 269
179 270
180 271
181 272
182 273
183 274
184 275
185 276
186 277
187 278
188 279
189 280
190 281
191 282
192 283
193 284
194 285
195 286
196 287
197 288
198 289
199 290
200 291
201 292
- 293
- 294
- 295
- 296
- 297
- 298
- 299
202 300
203 301
204 302
205 303
206 304
207 305
208 306
209 307
- 308
- 309
- 310
210 311
211 312
212 313
213 314
214 315
215 316
216 317
217 318
218 319
219 320
220 321
221 322
222 323
223 324
224 325
225 326
226 327
227 328
228 329
229 330
230 331
231 332
232 333
233 334
234 335
235 336
236 337
- 338
- 339
- 340
- 341
- 342
- 343
- 344
- 345
- 346
- 347
- 348
- 349
- 350
237 351
238 352
239 353
240 354
241 355
242 356
243 357
244 358
245 359
246 360
247 361
248 362
249 363
250 364
251 365
252 366
253 367
254 368
