4 4
5 5
6 6
7 7
8 8
9 9
10 10
11 11
12 12
13 13
14 14
15 15
16 16
17 17
18 18
19 19
20 20
21 21
22 22
23 23
24 24
25 25
26 26
27 27
28 28
29 29
30 30
31 31
32 32
33 33
34 34
35 35
36 36
37 37
38 38
39 39
40 40
41 41
42 42
43 43
44 44
45 45
46 46
47 47
48 48
49 -
- 49
50 -
51 50
52 51
53 52
54 53
55 54
56 55
57 56
58 57
59 58
60 59
- 60
- 61
61 62
62 63
63 64
64 65
65 66
66 67
67 68
68 69
69 70
70 71
71 72
72 73
73 74
74 75
75 76
76 77
77 78
78 79
79 80
80 81
81 82
82 83
83 84
84 85
- 86
- 87
85 88
86 89
87 90
88 91
89 92
90 93
91 94
92 95
93 96
94 97
95 98
96 99
97 100
98 101
99 102
100 103
101 104
102 105
103 106
104 107
105 108
106 109
107 110
108 -
109 -
110 -
111 -
112 -
113 -
114 -
115 -
116 -
117 -
118 -
119 -
120 -
121 -
122 -
123 -
124 -
125 -
126 -
127 -
128 -
129 -
130 -
131 -
132 -
133 -
134 -
135 -
136 -
137 -
138 -
139 -
140 -
141 -
142 -
143 -
144 -
145 -
146 -
147 -
148 -
149 -
150 -
151 -
152 -
153 -
154 -
155 -
156 -
157 -
158 -
159 -
160 -
161 -
162 -
163 -
164 -
165 -
166 -
167 -
168 -
169 -
170 -
171 -
172 111
173 112
174 -
175 -
176 113
177 114
178 115
179 116
180 117
181 118
182 119
183 -
184 -
185 -
186 -
187 -
188 -
189 -
190 -
191 -
192 -
193 -
194 120
195 121
196 122
197 123
198 124
199 125
200 126
201 127
202 128
203 129
204 130
205 131
206 132
207 -
208 -
209 -
210 133
211 134
212 135
213 136
214 -
215 -
216 -
217 -
218 -
219 -
220 -
221 -
- 137
222 -
- 138
223 -
224 139
225 140
226 141
227 142
228 143
229 144
230 145
231 146
- 147
232 -
- 148
233 149
234 150
235 151
236 152
237 153
238 154
239 155
240 156
241 157
242 158
243 159
244 160
245 161
246 162
247 163
248 164
249 165
250 166
251 167
252 168
253 169
254 -
255 -
256 170
257 171
258 172
259 173
260 174
261 175
262 176
263 -
- 177
264 -
- 178
265 -
- 179
266 -
267 180
268 181
269 182
270 183
271 184
272 -
273 185
274 186
275 187
276 188
277 189
278 190
279 191
280 192
281 193
282 194
283 195
284 196
285 197
286 198
287 199
288 200
289 201
290 202
291 203
292 204
293 205
294 -
295 -
296 -
297 -
298 206
299 207
300 208
301 209
302 210
303 211
304 -
305 -
306 212
307 213
308 214
309 215
310 216
311 217
312 218
313 219
314 220
315 221
316 222
317 223
318 224
319 225
320 226
321 227
322 228
323 229
324 230
325 231
326 232
327 233
328 234
329 235
330 236
331 237
332 238
333 239
334 240
335 241
336 242
337 243
338 244
339 245
340 246
341 247
342 248
343 249
344 250
345 251
346 252
347 253
348 254
349 255
350 256
351 257
352 258
353 259
354 260
355 261
356 262
357 263
358 264
359 -
360 -
361 -
362 265
363 266
364 267
365 268
366 269
367 270
368 271
369 272
370 273
371 274
372 275
373 276
374 277
375 278
376 279
377 280
378 281
379 282
380 283
381 284
382 285
383 286
384 287
385 288
386 289
387 290
388 291
389 292
390 293
391 294
392 295
393 296
394 297
395 298
396 299
397 300
398 301
399 302
400 303
401 304
402 305
403 306
404 307
405 308
406 -
407 -
408 -
409 -
410 -
411 -
412 -
413 -
414 -
415 -
416 -
- 309
417 -
- 310
418 -
- 311
- 312
- 313
- 314
- 315
- 316
- 317
- 318
- 319
- 320
- 321
- 322
- 323
- 324
- 325
- 326
- 327
- 328
- 329
- 330
- 331
- 332
- 333
- 334
- 335
- 336
- 337
- 338
- 339
- 340
- 341
- 342
- 343
- 344
- 345
- 346
- 347
- 348
- 349
- 350
- 351
- 352
- 353
- 354
- 355
- 356
- 357
- 358
- 359
- 360
- 361
- 362
- 363
- 364
- 365
- 366
- 367
- 368
- 369
- 370
- 371
- 372
- 373
- 374
- 375
- 376
- 377
- 378
- 379
- 380
- 381
- 382
- 383
- 384
- 385
- 386
- 387
- 388
- 389
- 390
- 391
- 392
- 393
- 394
- 395
- 396
- 397
- 398
- 399
- 400
- 401
- 402
- 403
- 404
- 405
- 406
- 407
- 408
- 409
- 410
- 411
- 412
- 413
- 414
- 415
- 416
- 417
- 418
- 419
- 420
- 421
- 422
- 423
- 424
- 425
- 426
- 427
- 428
- 429
- 430
- 431
- 432
- 433
- 434
- 435
- 436
- 437
- 438
- 439
- 440
- 441
- 442
- 443
- 444
