1 1
2 2
3 3
4 4
5 5
6 6
7 7
8 8
9 -
10 9
11 10
12 11
13 12
14 13
15 14
16 15
17 16
18 17
19 18
20 19
21 20
22 21
23 22
24 23
25 24
26 25
27 26
28 -
29 27
- 28
30 -
31 -
- 29
32 30
- 31
33 32
34 -
- 33
35 -
- 34
36 -
37 35
38 36
39 37
40 38
41 -
42 39
- 40
43 -
- 41
44 -
- 42
45 -
- 43
46 -
- 44
47 45
48 -
49 -
50 -
- 46
51 -
- 47
52 -
53 48
- 49
- 50
54 -
- 51
- 52
55 -
- 53
- 54
56 55
57 56
58 57
59 58
60 59
61 60
62 61
63 62
64 63
65 64
66 -
67 -
68 65
69 66
70 -
71 -
72 -
73 -
74 -
75 -
76 -
77 -
78 -
79 67
- 68
- 69
80 -
81 -
82 -
83 -
- 70
- 71
84 -
85 -
- 72
86 -
- 73
87 -
- 74
88 -
- 75
89 -
- 76
90 -
91 -
92 -
93 -
94 77
95 -
- 78
96 -
- 79
97 -
98 80
99 81
100 82
101 83
102 84
103 85
104 86
105 87
106 88
107 89
- 90
108 91
- 92
- 93
- 94
