1 1
2 2
3 3
4 4
5 5
6 6
7 7
8 8
9 -
10 9
11 10
12 11
13 12
14 13
15 14
16 15
17 16
18 17
19 18
20 19
21 20
22 21
23 22
24 23
25 24
26 25
27 26
28 27
29 28
30 -
31 29
32 30
- 31
33 -
- 32
34 -
35 33
36 34
37 35
38 36
39 37
40 38
41 39
42 -
- 40
43 -
- 41
- 42
44 -
45 -
- 43
46 44
47 45
48 -
49 -
- 46
50 -
51 -
- 47
52 -
53 48
54 49
55 50
56 51
- 52
57 -
58 53
- 54
- 55
59 -
- 56
60 -
- 57
- 58
- 59
61 60
62 61
63 62
64 63
65 -
66 -
67 64
68 65
69 66
70 -
71 -
72 -
73 -
74 -
75 -
76 -
77 -
78 -
79 67
80 68
81 69
82 -
83 -
- 70
84 -
- 71
85 -
- 72
86 -
- 73
87 -
- 74
88 -
- 75
89 -
90 76
91 -
92 -
93 -
94 -
95 77
- 78
96 -
97 79
98 80
99 81
100 82
101 83
102 84
103 85
104 86
105 87
106 88
107 89
- 90
- 91
- 92
- 93
