2 2
3 3
4 4
5 5
6 6
7 7
8 8
9 -
10 9
11 10
12 11
13 12
14 13
15 14
16 15
17 16
18 17
19 18
20 19
21 20
22 21
23 22
24 23
25 24
26 25
27 26
28 -
29 27
30 28
31 29
32 30
33 31
34 32
35 33
36 34
37 35
38 36
39 37
40 38
41 39
42 40
- 41
43 -
- 42
44 -
45 43
46 44
47 45
48 -
49 -
50 -
51 -
52 -
53 -
54 -
55 -
56 46
57 47
58 -
59 48
60 49
61 50
62 51
63 52
64 53
65 54
66 -
67 -
68 -
69 -
70 -
71 -
72 -
73 -
74 -
75 -
76 -
77 -
78 55
79 56
80 57
81 -
82 -
83 -
- 58
84 -
- 59
85 -
- 60
86 61
87 62
88 63
89 64
- 65
- 66
- 67
90 -
- 68
91 -
- 69
- 70
- 71
92 72
- 73
- 74
93 75
94 76
95 77
96 78
97 79
98 80
99 81
100 82
101 83
102 84
103 85
104 86
105 87
106 88
- 89
- 90
- 91
- 92
