3 3
4 4
5 5
6 6
7 -
- 7
8 -
- 8
9 -
10 9
11 10
12 11
13 12
14 13
15 14
16 15
17 16
18 17
19 18
20 19
21 20
22 21
23 22
24 23
25 24
26 25
27 26
28 -
29 27
30 28
31 29
32 30
33 31
34 32
35 33
36 34
37 35
38 36
39 37
40 38
41 39
42 40
43 41
44 42
45 43
46 -
47 -
48 -
49 44
50 45
51 46
52 47
53 48
54 49
55 50
56 51
- 52
- 53
- 54
- 55
57 56
58 57
59 58
60 59
61 60
62 61
- 62
63 63
64 -
65 -
66 -
67 -
68 -
69 -
70 -
71 -
72 -
73 -
74 -
75 -
76 -
77 -
78 -
79 -
80 64
81 65
82 66
83 67
84 68
85 69
86 70
87 71
88 72
89 73
90 -
- 74
91 -
92 -
- 75
93 -
94 76
95 77
96 78
97 79
98 80
99 81
100 82
101 83
102 84
103 85
104 86
105 87
- 88
- 89
- 90
- 91
